9.2654e-01 7.3464e-02
9.0976e-01 9.0237e-02
2.1179e-01 7.8821e-01
6.3480e-01 3.6520e-01
7.9305e-01 2.0695e-01
4.3744e-01 5.6256e-01
7.1539e-01 2.8461e-01
6.6738e-01 3.3262e-01
7.5182e-01 2.4818e-01
9.4629e-01 5.3712e-02
9.1307e-01 8.6934e-02
9.6323e-01 3.6773e-02
8.0934e-01 1.9066e-01
6.3500e-01 3.6500e-01
5.6965e-01 4.3035e-01
7.9069e-01 2.0931e-01
9.7324e-01 2.6763e-02
9.7120e-01 2.8802e-02
5.1429e-01 4.8571e-01
2.5442e-01 7.4558e-01
9.6768e-01 3.2315e-02
8.5461e-01 1.4539e-01
9.7077e-01 2.9232e-02
4.4943e-01 5.5057e-01
9.6630e-01 3.3700e-02
4.3613e-01 5.6387e-01
9.5692e-01 4.3079e-02
9.5799e-01 4.2007e-02
6.2882e-01 3.7118e-01
4.1933e-02 9.5807e-01
9.8542e-01 1.4581e-02
7.4100e-01 2.5900e-01
5.1191e-02 9.4881e-01
9.5974e-01 4.0255e-02
2.1192e-02 9.7881e-01
6.3920e-01 3.6080e-01
9.4432e-01 5.5679e-02
7.7824e-01 2.2176e-01
1.9386e-01 8.0614e-01
9.6108e-01 3.8922e-02
8.7466e-01 1.2534e-01
1.5671e-01 8.4329e-01
9.2667e-01 7.3325e-02
6.5375e-01 3.4625e-01
5.8075e-01 4.1925e-01
6.4965e-02 9.3503e-01
2.1988e-01 7.8012e-01
5.0137e-01 4.9863e-01
6.0976e-01 3.9024e-01
9.3946e-01 6.0538e-02
8.9693e-01 1.0307e-01
8.5075e-01 1.4925e-01
9.0466e-01 9.5335e-02
6.5468e-01 3.4532e-01
1.5379e-01 8.4621e-01
4.9778e-02 9.5022e-01
9.3274e-01 6.7261e-02
1.8047e-01 8.1953e-01
8.0155e-01 1.9845e-01
6.5890e-01 3.4110e-01
1.9167e-01 8.0833e-01
7.7547e-01 2.2453e-01
4.5626e-02 9.5437e-01
9.2459e-01 7.5407e-02
9.2715e-01 7.2846e-02
5.4875e-01 4.5125e-01
9.6251e-01 3.7492e-02
8.8756e-01 1.1244e-01
9.5349e-01 4.6507e-02
3.8226e-02 9.6177e-01
9.0272e-01 9.7278e-02
8.0626e-01 1.9374e-01
8.7299e-01 1.2701e-01
9.6824e-01 3.1761e-02
3.3114e-01 6.6886e-01
4.6068e-02 9.5393e-01
9.2485e-01 7.5155e-02
6.5679e-01 3.4321e-01
8.4211e-01 1.5789e-01
5.9281e-01 4.0719e-01
6.7304e-01 3.2696e-01
9.5921e-01 4.0786e-02
6.9061e-01 3.0939e-01
5.0875e-01 4.9125e-01
8.8588e-01 1.1412e-01
6.6927e-01 3.3073e-01
3.1767e-01 6.8233e-01
2.7888e-01 7.2112e-01
9.1412e-01 8.5883e-02
5.0145e-01 4.9855e-01
4.6491e-01 5.3509e-01
2.1837e-01 7.8163e-01
9.7802e-01 2.1978e-02
6.7302e-01 3.2698e-01
6.1505e-01 3.8495e-01
1.4573e-01 8.5427e-01
1.6092e-01 8.3908e-01
8.8756e-01 1.1244e-01
1.2391e-01 8.7609e-01
6.9987e-01 3.0013e-01
3.5014e-01 6.4986e-01
9.3950e-01 6.0496e-02
7.6199e-02 9.2380e-01
3.2712e-01 6.7288e-01
4.5552e-01 5.4448e-01
8.7374e-01 1.2626e-01
8.9882e-01 1.0118e-01
6.9673e-01 3.0327e-01
8.7384e-01 1.2616e-01
3.2240e-01 6.7760e-01
7.1148e-01 2.8852e-01
7.9399e-01 2.0601e-01
9.2721e-01 7.2789e-02
6.7519e-02 9.3248e-01
2.5114e-01 7.4886e-01
9.0816e-01 9.1835e-02
