9.2414e-01 7.5855e-02
9.1965e-01 8.0346e-02
1.1433e-01 8.8567e-01
6.4020e-01 3.5980e-01
7.6537e-01 2.3463e-01
3.0552e-01 6.9448e-01
7.1440e-01 2.8560e-01
7.3626e-01 2.6374e-01
8.3231e-01 1.6769e-01
9.5277e-01 4.7228e-02
9.1287e-01 8.7132e-02
9.4902e-01 5.0977e-02
7.9151e-01 2.0849e-01
6.2058e-01 3.7942e-01
5.2409e-01 4.7591e-01
7.7222e-01 2.2778e-01
9.7130e-01 2.8698e-02
9.6623e-01 3.3773e-02
3.0419e-01 6.9581e-01
3.9550e-01 6.0450e-01
9.4031e-01 5.9689e-02
8.6573e-01 1.3427e-01
9.5886e-01 4.1136e-02
2.4845e-01 7.5155e-01
9.5508e-01 4.4924e-02
4.3920e-01 5.6080e-01
9.5127e-01 4.8726e-02
9.5127e-01 4.8732e-02
6.8277e-01 3.1723e-01
4.5870e-02 9.5413e-01
9.7811e-01 2.1895e-02
8.5590e-01 1.4410e-01
8.3963e-02 9.1604e-01
9.3881e-01 6.1190e-02
2.2404e-02 9.7760e-01
4.8238e-01 5.1762e-01
9.4335e-01 5.6652e-02
7.6459e-01 2.3541e-01
2.6433e-01 7.3567e-01
9.4913e-01 5.0875e-02
8.9105e-01 1.0895e-01
6.2376e-02 9.3762e-01
8.8556e-01 1.1444e-01
5.6183e-01 4.3817e-01
3.9775e-01 6.0225e-01
7.4625e-02 9.2538e-01
1.0337e-01 8.9663e-01
3.6977e-01 6.3023e-01
6.3962e-01 3.6038e-01
9.3558e-01 6.4420e-02
8.9977e-01 1.0023e-01
8.2211e-01 1.7789e-01
9.0592e-01 9.4082e-02
6.7985e-01 3.2015e-01
1.7267e-01 8.2733e-01
4.4458e-02 9.5554e-01
9.6375e-01 3.6252e-02
1.8115e-01 8.1885e-01
8.1864e-01 1.8136e-01
4.1039e-01 5.8961e-01
2.9243e-01 7.0757e-01
6.9573e-01 3.0427e-01
2.9521e-02 9.7048e-01
9.3372e-01 6.6279e-02
9.3605e-01 6.3947e-02
5.1847e-01 4.8153e-01
9.6306e-01 3.6941e-02
8.0116e-01 1.9884e-01
9.3460e-01 6.5398e-02
5.5111e-02 9.4489e-01
9.5412e-01 4.5879e-02
6.8854e-01 3.1146e-01
8.7729e-01 1.2271e-01
9.2956e-01 7.0443e-02
3.4947e-01 6.5053e-01
9.0801e-02 9.0920e-01
8.7032e-01 1.2968e-01
6.5247e-01 3.4753e-01
8.1880e-01 1.8120e-01
6.4333e-01 3.5667e-01
6.5974e-01 3.4026e-01
9.5059e-01 4.9415e-02
4.7525e-01 5.2475e-01
4.7550e-01 5.2450e-01
8.8044e-01 1.1956e-01
5.9420e-01 4.0580e-01
1.8201e-01 8.1799e-01
2.2625e-01 7.7375e-01
8.6944e-01 1.3056e-01
6.4158e-01 3.5842e-01
3.4841e-01 6.5159e-01
1.8830e-01 8.1170e-01
9.7785e-01 2.2146e-02
7.0310e-01 2.9690e-01
5.5239e-01 4.4761e-01
1.6870e-01 8.3130e-01
2.2368e-01 7.7632e-01
8.8479e-01 1.1521e-01
1.3371e-01 8.6629e-01
6.7755e-01 3.2245e-01
4.2976e-01 5.7024e-01
9.1035e-01 8.9652e-02
3.9647e-02 9.6035e-01
5.4787e-01 4.5213e-01
4.1931e-01 5.8069e-01
8.7096e-01 1.2904e-01
8.9137e-01 1.0863e-01
8.0783e-01 1.9217e-01
8.2520e-01 1.7480e-01
3.5116e-01 6.4884e-01
6.2481e-01 3.7519e-01
8.2996e-01 1.7004e-01
9.5004e-01 4.9961e-02
4.4042e-02 9.5596e-01
1.8349e-01 8.1651e-01
8.9042e-01 1.0958e-01
