9.1953e-01 8.0466e-02
8.8366e-01 1.1634e-01
1.2385e-01 8.7615e-01
6.1567e-01 3.8433e-01
7.4872e-01 2.5128e-01
4.4401e-01 5.5599e-01
7.9696e-01 2.0304e-01
6.7363e-01 3.2637e-01
7.8655e-01 2.1345e-01
9.5037e-01 4.9625e-02
8.9251e-01 1.0749e-01
9.2579e-01 7.4209e-02
7.4566e-01 2.5434e-01
5.5072e-01 4.4928e-01
6.1558e-01 3.8442e-01
7.7757e-01 2.2243e-01
9.7619e-01 2.3810e-02
9.6720e-01 3.2801e-02
4.0843e-01 5.9157e-01
3.1589e-01 6.8411e-01
9.0634e-01 9.3664e-02
7.4970e-01 2.5030e-01
9.5804e-01 4.1958e-02
4.1225e-01 5.8775e-01
9.3564e-01 6.4360e-02
3.5590e-01 6.4410e-01
9.7075e-01 2.9253e-02
9.6343e-01 3.6566e-02
4.7041e-01 5.2959e-01
9.4605e-02 9.0540e-01
9.7696e-01 2.3035e-02
8.4175e-01 1.5825e-01
3.7814e-02 9.6219e-01
9.6318e-01 3.6823e-02
2.3338e-02 9.7666e-01
6.1576e-01 3.8424e-01
9.1090e-01 8.9101e-02
7.4043e-01 2.5957e-01
1.6222e-01 8.3778e-01
9.6587e-01 3.4126e-02
8.5521e-01 1.4479e-01
1.2224e-01 8.7776e-01
9.2755e-01 7.2449e-02
5.1697e-01 4.8303e-01
7.1771e-01 2.8229e-01
4.7702e-02 9.5230e-01
2.2933e-01 7.7067e-01
4.5391e-01 5.4609e-01
6.0350e-01 3.9650e-01
9.2775e-01 7.2252e-02
8.8588e-01 1.1412e-01
7.9932e-01 2.0068e-01
9.0439e-01 9.5606e-02
6.9470e-01 3.0530e-01
1.3043e-01 8.6957e-01
4.1079e-02 9.5892e-01
8.9953e-01 1.0047e-01
2.2545e-01 7.7455e-01
8.3382e-01 1.6618e-01
4.0016e-01 5.9984e-01
1.9566e-01 8.0434e-01
7.9933e-01 2.0067e-01
2.9330e-02 9.7067e-01
9.2573e-01 7.4271e-02
9.0767e-01 9.2326e-02
5.8911e-01 4.1089e-01
9.7433e-01 2.5667e-02
9.2750e-01 7.2504e-02
9.6126e-01 3.8743e-02
4.8833e-02 9.5117e-01
9.2720e-01 7.2799e-02
9.0895e-01 9.1051e-02
9.3888e-01 6.1115e-02
9.6147e-01 3.8530e-02
3.8787e-01 6.1213e-01
5.2391e-02 9.4761e-01
9.3628e-01 6.3723e-02
7.8797e-01 2.1203e-01
7.9007e-01 2.0993e-01
7.5790e-01 2.4210e-01
5.7557e-01 4.2443e-01
9.4317e-01 5.6831e-02
6.8220e-01 3.1780e-01
6.8614e-01 3.1386e-01
9.2574e-01 7.4256e-02
6.6982e-01 3.3018e-01
4.0534e-01 5.9466e-01
2.5770e-01 7.4230e-01
9.2453e-01 7.5474e-02
6.3500e-01 3.6500e-01
3.5601e-01 6.4399e-01
3.1960e-01 6.8040e-01
9.8079e-01 1.9207e-02
5.5851e-01 4.4149e-01
7.5349e-01 2.4651e-01
1.6625e-01 8.3375e-01
2.2315e-01 7.7685e-01
8.8326e-01 1.1674e-01
1.2093e-01 8.7907e-01
4.7538e-01 5.2462e-01
5.4057e-01 4.5943e-01
8.9547e-01 1.0453e-01
4.4139e-02 9.5586e-01
3.3877e-01 6.6123e-01
3.7669e-01 6.2331e-01
8.9999e-01 1.0001e-01
8.7705e-01 1.2295e-01
6.3576e-01 3.6424e-01
9.2007e-01 7.9931e-02
2.0838e-01 7.9162e-01
4.7768e-01 5.2232e-01
7.6858e-01 2.3142e-01
8.9877e-01 1.0123e-01
4.4361e-02 9.5564e-01
2.0362e-01 7.9638e-01
8.9815e-01 1.0185e-01
