9.1383e-01 8.6171e-02
9.0232e-01 9.7678e-02
8.5617e-02 9.1438e-01
5.2914e-01 4.7086e-01
8.2475e-01 1.7525e-01
2.7485e-01 7.2515e-01
7.8091e-01 2.1909e-01
6.7512e-01 3.2488e-01
7.9440e-01 2.0560e-01
9.5586e-01 4.4141e-02
9.0293e-01 9.7073e-02
9.4129e-01 5.8712e-02
7.3812e-01 2.6188e-01
4.5207e-01 5.4793e-01
6.9308e-01 3.0692e-01
7.5376e-01 2.4624e-01
9.7142e-01 2.8576e-02
9.7090e-01 2.9095e-02
2.8622e-01 7.1378e-01
2.1720e-01 7.8280e-01
9.3140e-01 6.8602e-02
7.1639e-01 2.8361e-01
9.5670e-01 4.3297e-02
3.5130e-01 6.4870e-01
9.3818e-01 6.1816e-02
4.7975e-01 5.2025e-01
9.6507e-01 3.4928e-02
9.6581e-01 3.4188e-02
6.3977e-01 3.6023e-01
7.6830e-02 9.2317e-01
9.8149e-01 1.8512e-02
8.5025e-01 1.4975e-01
5.0244e-02 9.4976e-01
9.6786e-01 3.2141e-02
1.9789e-02 9.8021e-01
4.6499e-01 5.3501e-01
9.2910e-01 7.0903e-02
7.4747e-01 2.5253e-01
1.6021e-01 8.3979e-01
9.6763e-01 3.2368e-02
8.4765e-01 1.5235e-01
5.2359e-02 9.4764e-01
9.3681e-01 6.3195e-02
5.9643e-01 4.0357e-01
7.1795e-01 2.8205e-01
5.0154e-02 9.4985e-01
1.2633e-01 8.7367e-01
3.4587e-01 6.5413e-01
6.6822e-01 3.3178e-01
9.5587e-01 4.4127e-02
9.2618e-01 7.3816e-02
8.0654e-01 1.9346e-01
8.9107e-01 1.0893e-01
5.7061e-01 4.2939e-01
1.1439e-01 8.8561e-01
5.9242e-02 9.4076e-01
9.4284e-01 5.7162e-02
1.6923e-01 8.3077e-01
8.4181e-01 1.5819e-01
4.7407e-01 5.2593e-01
2.8396e-01 7.1604e-01
7.6640e-01 2.3360e-01
2.6253e-02 9.7375e-01
9.2281e-01 7.7194e-02
9.3543e-01 6.4571e-02
6.1285e-01 3.8715e-01
9.7325e-01 2.6745e-02
8.9591e-01 1.0409e-01
9.5116e-01 4.8838e-02
3.7823e-02 9.6218e-01
9.3594e-01 6.4061e-02
7.3553e-01 2.6447e-01
8.5013e-01 1.4987e-01
9.5293e-01 4.7073e-02
2.5150e-01 7.4850e-01
4.1865e-02 9.5813e-01
9.1882e-01 8.1175e-02
7.8306e-01 2.1694e-01
7.9029e-01 2.0971e-01
7.1422e-01 2.8578e-01
6.0697e-01 3.9303e-01
9.6256e-01 3.7436e-02
5.1301e-01 4.8699e-01
5.2024e-01 4.7976e-01
9.2346e-01 7.6536e-02
6.8648e-01 3.1352e-01
2.7052e-01 7.2948e-01
2.9939e-01 7.0061e-01
9.0391e-01 9.6087e-02
5.7241e-01 4.2759e-01
2.6691e-01 7.3309e-01
2.6602e-01 7.3398e-01
9.7755e-01 2.2450e-02
6.6515e-01 3.3485e-01
6.9559e-01 3.0441e-01
1.9197e-01 8.0803e-01
2.3582e-01 7.6418e-01
9.2371e-01 7.6285e-02
1.6769e-01 8.3231e-01
4.5792e-01 5.4208e-01
5.7616e-01 4.2384e-01
8.4606e-01 1.5394e-01
6.2944e-02 9.3706e-01
4.3292e-01 5.6708e-01
5.3456e-01 4.6544e-01
8.6483e-01 1.3517e-01
9.0569e-01 9.4312e-02
7.4030e-01 2.5970e-01
8.6324e-01 1.3676e-01
1.8447e-01 8.1553e-01
6.7715e-01 3.2285e-01
8.1291e-01 1.8709e-01
9.3371e-01 6.6289e-02
3.8118e-02 9.6188e-01
2.2493e-01 7.7507e-01
9.3739e-01 6.2612e-02
