9.3076e-01 6.9237e-02
8.3501e-01 1.6499e-01
7.0468e-02 9.2953e-01
7.8903e-01 2.1097e-01
8.0287e-01 1.9713e-01
3.7478e-01 6.2522e-01
7.7430e-01 2.2570e-01
8.1925e-01 1.8075e-01
8.7122e-01 1.2878e-01
9.7217e-01 2.7829e-02
8.8030e-01 1.1970e-01
9.4266e-01 5.7339e-02
7.1769e-01 2.8231e-01
6.0381e-01 3.9619e-01
6.1813e-01 3.8187e-01
8.2560e-01 1.7440e-01
9.5844e-01 4.1562e-02
9.7278e-01 2.7218e-02
2.9653e-01 7.0347e-01
5.7467e-01 4.2533e-01
9.0842e-01 9.1578e-02
6.9247e-01 3.0753e-01
9.6471e-01 3.5286e-02
2.2420e-01 7.7580e-01
9.5523e-01 4.4771e-02
4.3314e-01 5.6686e-01
9.6260e-01 3.7399e-02
9.6577e-01 3.4228e-02
7.2854e-01 2.7146e-01
2.3563e-02 9.7644e-01
9.8002e-01 1.9984e-02
8.1882e-01 1.8118e-01
3.6631e-02 9.6337e-01
9.5291e-01 4.7085e-02
2.5780e-02 9.7422e-01
6.6299e-01 3.3701e-01
9.4134e-01 5.8658e-02
6.6633e-01 3.3367e-01
1.9461e-01 8.0539e-01
9.7518e-01 2.4824e-02
7.9078e-01 2.0922e-01
1.3144e-01 8.6856e-01
9.4606e-01 5.3943e-02
6.5779e-01 3.4221e-01
5.4713e-01 4.5287e-01
4.8186e-02 9.5181e-01
2.8659e-01 7.1341e-01
3.3656e-01 6.6344e-01
6.9106e-01 3.0894e-01
9.6062e-01 3.9377e-02
8.8569e-01 1.1431e-01
7.6671e-01 2.3329e-01
7.6431e-01 2.3569e-01
6.2567e-01 3.7433e-01
1.8797e-01 8.1203e-01
5.1532e-02 9.4847e-01
9.6126e-01 3.8742e-02
2.3516e-01 7.6484e-01
8.3236e-01 1.6764e-01
3.0531e-01 6.9469e-01
2.5074e-01 7.4926e-01
8.0764e-01 1.9236e-01
3.2837e-02 9.6716e-01
9.3732e-01 6.2679e-02
9.4267e-01 5.7327e-02
6.9492e-01 3.0508e-01
9.7163e-01 2.8367e-02
8.6567e-01 1.3433e-01
8.8340e-01 1.1660e-01
3.8447e-02 9.6155e-01
8.8787e-01 1.1213e-01
8.2877e-01 1.7123e-01
8.4395e-01 1.5605e-01
9.5001e-01 4.9992e-02
2.4849e-01 7.5151e-01
6.1380e-02 9.3862e-01
8.6633e-01 1.3367e-01
7.3650e-01 2.6350e-01
8.5465e-01 1.4535e-01
7.0198e-01 2.9802e-01
6.2733e-01 3.7267e-01
9.4871e-01 5.1290e-02
6.9191e-01 3.0809e-01
5.7628e-01 4.2372e-01
8.5673e-01 1.4327e-01
7.1694e-01 2.8306e-01
3.4632e-01 6.5368e-01
2.1618e-01 7.8382e-01
8.5133e-01 1.4867e-01
5.7416e-01 4.2584e-01
2.4387e-01 7.5613e-01
2.6208e-01 7.3792e-01
9.7858e-01 2.1416e-02
5.5384e-01 4.4616e-01
7.1979e-01 2.8021e-01
1.2431e-01 8.7569e-01
1.5146e-01 8.4854e-01
9.3502e-01 6.4980e-02
2.3702e-01 7.6298e-01
4.9881e-01 5.0119e-01
5.4197e-01 4.5803e-01
8.1588e-01 1.8412e-01
4.9338e-02 9.5066e-01
4.8616e-01 5.1384e-01
3.0631e-01 6.9369e-01
8.5515e-01 1.4485e-01
9.4784e-01 5.2164e-02
7.4094e-01 2.5906e-01
8.8229e-01 1.1771e-01
2.0666e-01 7.9334e-01
6.9257e-01 3.0743e-01
8.5093e-01 1.4907e-01
8.0433e-01 1.9567e-01
8.8573e-02 9.1143e-01
2.4638e-01 7.5362e-01
9.2313e-01 7.6871e-02
