9.1416e-01 8.5838e-02
9.8786e-01 1.2142e-02
7.5328e-01 2.4672e-01
9.7554e-01 2.4458e-02
9.9067e-01 9.3322e-03
9.9228e-01 7.7185e-03
9.8958e-01 1.0416e-02
5.3536e-01 4.6464e-01
9.8426e-01 1.5742e-02
9.9421e-01 5.7859e-03
9.6510e-01 3.4897e-02
9.8918e-01 1.0822e-02
9.7156e-01 2.8436e-02
9.9068e-01 9.3169e-03
9.6322e-01 3.6779e-02
9.2986e-01 7.0139e-02
9.9481e-01 5.1894e-03
9.0632e-01 9.3684e-02
9.6631e-01 3.3694e-02
9.9484e-01 5.1559e-03
9.9378e-01 6.2225e-03
9.8677e-01 1.3231e-02
9.8969e-01 1.0310e-02
9.8933e-01 1.0672e-02
9.9299e-01 7.0116e-03
9.9095e-01 9.0509e-03
9.9295e-01 7.0450e-03
9.6165e-01 3.8346e-02
9.9239e-01 7.6140e-03
9.9192e-01 8.0829e-03
9.9011e-01 9.8851e-03
9.8607e-01 1.3934e-02
9.8099e-01 1.9014e-02
9.6197e-01 3.8027e-02
9.9624e-01 3.7625e-03
8.9028e-01 1.0972e-01
8.9192e-01 1.0808e-01
9.9259e-01 7.4050e-03
9.7836e-01 2.1643e-02
9.7973e-01 2.0269e-02
9.8857e-01 1.1427e-02
8.7177e-01 1.2823e-01
9.9339e-01 6.6093e-03
6.5836e-01 3.4164e-01
9.7523e-01 2.4772e-02
9.7918e-01 2.0818e-02
9.9243e-01 7.5720e-03
9.4340e-01 5.6596e-02
8.6891e-01 1.3109e-01
9.8883e-01 1.1169e-02
9.0574e-01 9.4263e-02
9.4761e-01 5.2392e-02
9.9184e-01 8.1560e-03
9.6400e-01 3.5997e-02
9.6433e-01 3.5674e-02
7.5585e-01 2.4415e-01
6.3983e-01 3.6017e-01
9.6788e-01 3.2123e-02
9.7644e-01 2.3562e-02
9.8714e-01 1.2864e-02
9.8655e-01 1.3450e-02
9.8923e-01 1.0768e-02
9.8724e-01 1.2764e-02
5.6376e-01 4.3624e-01
9.5343e-01 4.6574e-02
9.5507e-01 4.4925e-02
7.9462e-01 2.0538e-01
9.2165e-01 7.8350e-02
9.9119e-01 8.8146e-03
9.8861e-01 1.1385e-02
9.9124e-01 8.7649e-03
9.9209e-01 7.9087e-03
9.8024e-01 1.9756e-02
9.9368e-01 6.3182e-03
9.7797e-01 2.2028e-02
9.8617e-01 1.3829e-02
9.6327e-01 3.6730e-02
9.9127e-01 8.7345e-03
9.8653e-01 1.3467e-02
9.8391e-01 1.6089e-02
9.7891e-01 2.1088e-02
9.8964e-01 1.0356e-02
9.7568e-01 2.4319e-02
9.8298e-01 1.7023e-02
9.8797e-01 1.2034e-02
9.9474e-01 5.2591e-03
9.9036e-01 9.6435e-03
9.8169e-01 1.8313e-02
6.5490e-01 3.4510e-01
9.6172e-01 3.8277e-02
9.8883e-01 1.1168e-02
5.2493e-01 4.7507e-01
9.9502e-01 4.9839e-03
9.8133e-01 1.8667e-02
8.8781e-01 1.1219e-01
6.6315e-01 3.3685e-01
9.8748e-01 1.2521e-02
9.9185e-01 8.1490e-03
9.9222e-01 7.7763e-03
9.8410e-01 1.5904e-02
9.8084e-01 1.9162e-02
9.9003e-01 9.9668e-03
9.8852e-01 1.1481e-02
9.8579e-01 1.4206e-02
9.9055e-01 9.4463e-03
9.9636e-01 3.6360e-03
9.8091e-01 1.9087e-02
7.1293e-01 2.8707e-01
9.8632e-01 1.3675e-02
9.6138e-01 3.8620e-02
9.9153e-01 8.4718e-03
9.7025e-01 2.9752e-02
8.8192e-01 1.1808e-01
9.6385e-01 3.6154e-02
9.1946e-01 8.0538e-02
9.0783e-01 9.2170e-02
