9.3664e-01 6.3363e-02
2.0722e-01 7.9278e-01
1.3093e-01 8.6907e-01
8.8754e-01 1.1246e-01
9.6899e-01 3.1007e-02
9.7145e-01 2.8553e-02
4.4570e-01 5.5430e-01
3.3489e-02 9.6651e-01
8.9076e-01 1.0924e-01
7.1116e-01 2.8884e-01
8.5073e-01 1.4927e-01
7.5271e-01 2.4729e-01
4.6080e-01 5.3920e-01
9.1342e-01 8.6575e-02
4.6746e-01 5.3254e-01
6.4328e-01 3.5672e-01
9.6711e-01 3.2890e-02
8.2839e-01 1.7161e-01
9.4530e-01 5.4698e-02
7.6251e-01 2.3749e-01
8.1090e-01 1.8910e-01
3.3187e-01 6.6813e-01
9.3417e-01 6.5828e-02
6.3818e-01 3.6182e-01
6.6017e-01 3.3983e-01
9.2673e-01 7.3269e-02
7.8652e-01 2.1348e-01
8.9084e-01 1.0916e-01
9.7909e-01 2.0911e-02
8.5497e-01 1.4503e-01
9.4622e-01 5.3780e-02
9.0889e-01 9.1114e-02
7.5490e-01 2.4510e-01
7.4438e-01 2.5562e-01
7.5951e-01 2.4049e-01
9.5682e-01 4.3181e-02
2.0879e-02 9.7912e-01
8.5999e-01 1.4001e-01
8.2409e-01 1.7591e-01
3.3158e-01 6.6842e-01
9.3686e-01 6.3139e-02
1.1942e-01 8.8058e-01
8.3228e-01 1.6772e-01
4.5362e-02 9.5464e-01
4.9835e-01 5.0165e-01
8.9670e-01 1.0330e-01
9.6688e-01 3.3121e-02
3.5297e-01 6.4703e-01
9.6658e-01 3.3422e-02
7.6785e-01 2.3215e-01
1.2202e-01 8.7798e-01
6.0075e-01 3.9925e-01
7.2471e-01 2.7529e-01
9.7721e-01 2.2787e-02
7.2950e-01 2.7050e-01
3.3276e-02 9.6672e-01
3.5027e-02 9.6497e-01
2.3571e-01 7.6429e-01
6.0488e-01 3.9512e-01
9.6985e-01 3.0151e-02
9.4249e-01 5.7507e-02
8.3161e-01 1.6839e-01
9.4771e-01 5.2287e-02
4.6268e-02 9.5373e-01
7.0384e-01 2.9616e-01
3.7301e-01 6.2699e-01
2.2330e-01 7.7670e-01
9.0786e-02 9.0921e-01
9.6033e-01 3.9665e-02
9.8146e-01 1.8540e-02
9.7469e-01 2.5315e-02
9.6398e-01 3.6016e-02
7.9778e-01 2.0222e-01
9.7443e-01 2.5574e-02
7.8748e-01 2.1252e-01
9.1891e-01 8.1089e-02
7.7979e-01 2.2021e-01
3.6806e-01 6.3194e-01
7.8503e-01 2.1497e-01
3.7800e-01 6.2200e-01
2.8640e-01 7.1360e-01
6.8105e-01 3.1895e-01
2.9903e-01 7.0097e-01
6.3321e-01 3.6679e-01
2.9133e-01 7.0867e-01
8.9032e-01 1.0968e-01
9.0907e-01 9.0934e-02
9.6832e-01 3.1682e-02
3.0380e-02 9.6962e-01
3.2095e-02 9.6790e-01
2.3795e-01 7.6205e-01
5.5047e-02 9.4495e-01
7.6258e-01 2.3742e-01
6.0095e-01 3.9905e-01
2.4120e-01 7.5880e-01
7.9687e-02 9.2031e-01
6.4791e-01 3.5209e-01
7.2099e-01 2.7901e-01
4.4078e-01 5.5922e-01
7.5574e-01 2.4426e-01
9.2814e-01 7.1863e-02
9.5873e-01 4.1274e-02
5.9657e-01 4.0343e-01
7.8671e-01 2.1329e-01
8.2116e-01 1.7884e-01
4.3001e-01 5.6999e-01
7.4229e-01 2.5771e-01
3.4591e-01 6.5409e-01
1.3954e-01 8.6046e-01
2.6834e-01 7.3166e-01
8.1083e-01 1.8917e-01
7.2651e-01 2.7349e-01
1.9708e-02 9.8029e-01
8.6236e-01 1.3764e-01
3.4125e-01 6.5875e-01
8.5514e-01 1.4486e-01
