[817.04635566 511.79986086 900.23725437 385.72321664 319.37886292
 184.59377751 177.81084789 242.45000682 164.79334074   0.
  90.32055234 163.98573737   0.           0.          27.33657956
   0.           0.           0.           0.           0.
   0.           0.           0.           0.           0.
   0.           0.           0.           0.           0.
   0.           0.           0.           0.           0.
   0.          45.35664367 190.93026848 327.46675363 323.07227093
  45.96162956  53.30849678  63.89131626  58.3788554   74.12384136
  86.9611185   93.7931789   73.83125674  74.00644042  76.96082637
   0.           0.         174.09335424   0.         184.46048935
   0.           0.           5.97545002  19.35603647 181.64156049
 201.23526659  72.00293973 126.4319644    0.           0.
   1.08166877   8.56156456 238.76554507 222.99671964 186.24109971
   1.3414997    7.12274078  41.812928     0.           0.
   0.           0.           0.           0.           0.
   0.           0.           0.           0.           0.
  11.96469124   1.54202022   0.           0.           0.
   0.           0.           0.           0.           0.
   1.21742734   0.           0.           0.           0.
 147.65309347   0.           0.           0.           0.
   0.           0.           0.           0.           1.01194541
   0.           0.           1.30841187   0.           0.
   0.           0.           0.           0.           0.
   0.           0.           0.           0.           0.
   0.           0.           0.           0.           0.
   0.           0.           0.           0.           0.
   0.           0.           0.           0.           0.
   0.           0.           0.           0.           0.
   0.           0.           0.           0.           0.
   0.           0.           0.           0.           0.
   0.           0.           0.           0.           0.
   0.           0.           0.           0.           0.
   0.           0.           0.           0.           0.
   0.           0.           0.           0.           0.
   0.           0.           0.           0.           0.
   0.           0.           0.           0.           0.
   0.           0.           0.           0.           0.
   0.           0.           0.           0.           0.
   0.           0.           0.           0.           0.
   0.           0.           0.           0.           0.
   0.           0.           0.           0.           0.
   0.           0.           0.           0.           0.
   0.           0.           1.54797023 128.99819681   0.
   0.           0.           1.64696567   0.           0.
   0.           0.           0.           0.           0.
   0.           0.           0.           0.           0.
   0.           0.           0.           0.           0.
   0.           0.           0.           0.           0.
   0.           0.           0.           0.           0.
   0.           0.           0.           0.           0.
   0.           0.           0.           0.           0.
   0.           0.           0.           0.           0.
   0.           0.           0.           0.           1.36941409
   0.           0.           0.           0.           0.
   0.           0.           0.           0.           0.
   0.           0.           0.           0.           0.
   0.           0.          13.61403431 100.65060998  62.20696281
  10.82325871   0.           0.           0.           0.
   0.           0.           0.           0.           0.
   0.           0.           0.           0.           0.
   0.           0.           0.           0.           0.
   0.           0.           0.97762199  27.57159568  17.62097072
  18.80564567   3.5620988   12.43214582  11.83905262  26.37896162
  43.83740341  67.27060152 103.30679435 126.70165507 140.6087063
  19.84137482  17.84994636   0.           0.           0.
   0.           0.           0.           0.           0.
   0.           0.           0.           0.          17.2035077
   0.           0.           2.89378105   0.          23.31153138
   0.           0.           0.           0.           0.
   0.           0.           0.           0.           0.
   0.           0.           0.           0.           0.
   0.           0.           0.           0.           0.
   0.           0.           0.           0.           0.
   0.           0.           0.           0.           0.
   0.           0.           8.14724217  97.45588994  50.23704411
   0.           8.8380019   16.04703823   0.           2.49071146
   0.           0.           0.           0.           7.19453027
   5.93329993  99.61350206 145.82324174 178.49312619 171.73498088
 130.04689915  11.76341862   0.           0.           0.
   2.97693105   6.12103925   0.           0.           0.
   0.           0.           0.           0.           0.
   0.           0.          28.80554436 234.19564045  71.32564589
  67.57044603   7.86491358   0.           0.           8.2032907
  43.24870004  63.74511338   6.75646535   7.61393688  48.37397922
   0.           0.           0.           0.           0.
   0.           0.           0.           0.           0.
   0.           0.           0.           0.           0.
   0.           0.           0.           0.           0.
   0.           0.           0.           0.           0.
   4.1133195    0.           0.           0.           0.
   0.           0.          10.00316822   0.           0.
   0.           0.           0.           0.           0.
   0.           0.           0.           0.           0.
   0.           0.           0.           0.           5.69266197
   2.64687445   8.6529403   61.30476491  94.04759922  75.41782075
  32.67031429   0.           1.19538224   1.11923982   0.
   0.           0.           0.           0.           0.
   0.           0.           0.           0.           0.
   0.           0.           0.           0.           3.13835158
   0.           0.           0.           0.           0.
   0.           0.           0.           0.           7.20965797
   0.           0.           0.           0.           0.
   0.           0.           0.           0.           0.
   0.           0.           0.           0.           8.74644243
   0.           0.           0.           0.           0.
   0.           0.           0.           0.           0.
   0.           0.           0.           0.           0.
   0.           0.           0.           0.           0.
   0.           0.           0.           0.           0.
   0.           0.           0.           0.           0.
   0.           0.           0.           0.           0.
   0.           0.           0.           0.           0.
   0.           0.           0.           0.           0.
   0.           7.15810749   1.16458501   0.           0.
   0.           0.           0.           0.           0.
   0.           0.           0.           0.           0.
   0.           0.           0.           0.           0.
   0.           0.           0.           0.           0.
   0.           0.           0.           0.           0.
   0.          17.51036077  90.28252371 129.50893417 170.26709301
 219.65618964 208.21584053 176.70931152  75.31624289  27.59410588
   0.           0.           0.           0.           0.
   0.           0.           0.           0.           0.
   0.           0.           0.           0.           0.
   0.           0.           0.           0.           0.
   0.           0.           0.           0.           0.
   0.           0.           0.           0.           5.55965295
   0.           0.           0.           0.           0.
   0.           0.           0.           0.           0.
   0.           0.           0.           0.           0.
  37.09777144 158.29113469  14.88052156   0.           0.
   0.           0.           0.           0.           0.
   0.           0.           0.           0.           0.
   0.           0.           0.           0.           0.
   0.        ]